[[[  7.0579324 ]
  [ -0.552102  ]
  [ -0.5135937 ]]

 [[  7.4781494 ]
  [ -0.52350116]
  [ -0.8059628 ]]

 [[  7.826348  ]
  [ -0.568368  ]
  [ -0.9994298 ]]

 [[  8.042015  ]
  [ -0.69451374]
  [ -1.2268667 ]]

 [[  8.64388   ]
  [ -0.64771307]
  [ -1.4000723 ]]

 [[ 10.364516  ]
  [ -0.6612044 ]
  [ -1.7279793 ]]

 [[ 11.438151  ]
  [ -0.18243925]
  [ -4.2694077 ]]

 [[ 13.056333  ]
  [  1.8534715 ]
  [ -6.994255  ]]

 [[ 15.502477  ]
  [  4.0153627 ]
  [-10.894255  ]]

 [[ 14.32864   ]
  [  7.1668773 ]
  [-12.491356  ]]

 [[ 11.899459  ]
  [  8.8232    ]
  [-13.203482  ]]

 [[ 10.461645  ]
  [  8.366349  ]
  [-13.996565  ]]

 [[ 10.398421  ]
  [  7.338331  ]
  [-14.074582  ]]

 [[ 11.233899  ]
  [  6.5813727 ]
  [-13.656959  ]]

 [[ 12.858221  ]
  [  6.811334  ]
  [-13.031301  ]]

 [[ 13.559194  ]
  [  7.1969614 ]
  [-12.769227  ]]

 [[ 13.535782  ]
  [  6.801154  ]
  [-11.673941  ]]

 [[ 13.437317  ]
  [  6.2114167 ]
  [-10.728396  ]]

 [[ 13.17493   ]
  [  6.3009872 ]
  [-10.066429  ]]

 [[ 12.5003605 ]
  [  6.0623846 ]
  [ -9.415269  ]]

 [[ 12.053748  ]
  [  5.8008947 ]
  [ -8.870608  ]]

 [[ 11.953149  ]
  [  5.5947742 ]
  [ -8.209206  ]]

 [[ 12.221626  ]
  [  4.8635116 ]
  [ -8.34186   ]]

 [[ 10.738326  ]
  [  4.5105577 ]
  [ -7.656579  ]]

 [[ 10.694569  ]
  [  3.8562584 ]
  [ -7.59305   ]]

 [[ 10.57188   ]
  [  3.1011977 ]
  [ -7.6448703 ]]

 [[  9.915101  ]
  [  2.6935809 ]
  [ -7.513249  ]]

 [[  9.965625  ]
  [  2.75485   ]
  [ -6.885279  ]]

 [[ 10.20427   ]
  [  2.7696674 ]
  [ -6.571532  ]]

 [[ 10.90571   ]
  [  2.7038243 ]
  [ -6.1534076 ]]

 [[ 11.397632  ]
  [  2.666564  ]
  [ -6.2021    ]]

 [[ 11.229983  ]
  [  3.0942974 ]
  [ -5.683703  ]]

 [[ 11.861104  ]
  [  3.0988035 ]
  [ -5.477609  ]]

 [[ 11.997842  ]
  [  2.661694  ]
  [ -5.7684326 ]]

 [[ 11.513198  ]
  [  2.4077137 ]
  [ -5.47946   ]]

 [[ 10.238422  ]
  [  2.7373202 ]
  [ -5.824629  ]]

 [[ 10.887626  ]
  [  3.015326  ]
  [ -6.206701  ]]

 [[ 10.836538  ]
  [  2.7206616 ]
  [ -6.5851874 ]]

 [[ 11.190151  ]
  [  2.4173548 ]
  [ -6.203605  ]]

 [[ 11.152822  ]
  [  1.9673983 ]
  [ -6.1728277 ]]

 [[ 11.506416  ]
  [  1.9844519 ]
  [ -6.509751  ]]

 [[ 11.540649  ]
  [  2.9361641 ]
  [ -7.029254  ]]

 [[ 11.551357  ]
  [  3.9850307 ]
  [ -7.645777  ]]

 [[ 11.339884  ]
  [  4.8281903 ]
  [ -8.282583  ]]

 [[ 10.483184  ]
  [  4.8441086 ]
  [ -8.269151  ]]

 [[  9.708162  ]
  [  4.1293106 ]
  [ -8.177132  ]]

 [[ 10.348774  ]
  [  3.013087  ]
  [ -8.387098  ]]

 [[ 10.010901  ]
  [  3.196453  ]
  [ -7.4781885 ]]

 [[ 10.496614  ]
  [  3.460932  ]
  [ -7.279615  ]]

 [[ 10.074733  ]
  [  2.766624  ]
  [ -7.0749855 ]]

 [[ 10.062064  ]
  [  2.0776963 ]
  [ -7.2338624 ]]

 [[  9.559768  ]
  [  1.9549153 ]
  [ -7.101172  ]]

 [[  9.507721  ]
  [  0.9986513 ]
  [ -6.8048797 ]]

 [[  9.8030615 ]
  [  0.9104016 ]
  [ -6.5304484 ]]

 [[  9.340094  ]
  [  1.012292  ]
  [ -6.368178  ]]

 [[  8.002163  ]
  [  1.3579429 ]
  [ -6.636169  ]]

 [[  8.158352  ]
  [  1.8955706 ]
  [ -5.5907173 ]]

 [[  8.763621  ]
  [  1.884922  ]
  [ -6.021483  ]]

 [[  7.63804   ]
  [  1.9244088 ]
  [ -6.6086984 ]]

 [[  8.534107  ]
  [  2.5362256 ]
  [ -6.326581  ]]

 [[  9.547803  ]
  [  2.7422285 ]
  [ -6.1053486 ]]

 [[  9.910766  ]
  [  3.0244117 ]
  [ -6.1101213 ]]

 [[  9.849679  ]
  [  2.9730847 ]
  [ -6.248741  ]]

 [[  9.368713  ]
  [  3.1052883 ]
  [ -6.0805063 ]]

 [[  9.369649  ]
  [  3.6286473 ]
  [ -5.9664764 ]]

 [[  8.764788  ]
  [  4.4716434 ]
  [ -6.9264784 ]]

 [[  8.274545  ]
  [  4.935694  ]
  [ -6.605644  ]]

 [[  8.427783  ]
  [  5.040098  ]
  [ -6.772264  ]]

 [[  9.188298  ]
  [  5.0906153 ]
  [ -7.0418124 ]]

 [[  9.480922  ]
  [  5.1653404 ]
  [ -7.1381583 ]]

 [[  9.489791  ]
  [  5.1965866 ]
  [ -7.0260944 ]]

 [[  9.575872  ]
  [  4.934445  ]
  [ -7.0704985 ]]

 [[ 10.342928  ]
  [  4.780664  ]
  [ -6.941602  ]]

 [[ 10.570743  ]
  [  3.9908738 ]
  [ -6.8665996 ]]

 [[ 11.047864  ]
  [  3.49106   ]
  [ -6.5389576 ]]

 [[ 10.700164  ]
  [  3.2308943 ]
  [ -6.2270646 ]]

 [[ 10.349471  ]
  [  3.273884  ]
  [ -5.900292  ]]

 [[  9.278839  ]
  [  3.1363096 ]
  [ -5.5937676 ]]

 [[  9.317403  ]
  [  3.0369332 ]
  [ -5.532544  ]]

 [[  8.6206    ]
  [  2.8943195 ]
  [ -5.4007235 ]]

 [[  8.043287  ]
  [  3.5342634 ]
  [ -5.3990045 ]]

 [[  8.18309   ]
  [  3.2919734 ]
  [ -5.5920677 ]]

 [[  8.031306  ]
  [  3.3984857 ]
  [ -5.661458  ]]

 [[  7.866467  ]
  [  3.3707645 ]
  [ -5.917054  ]]

 [[  8.005878  ]
  [  3.0190194 ]
  [ -6.060549  ]]

 [[  8.3791895 ]
  [  2.8187237 ]
  [ -6.0957866 ]]

 [[  8.496549  ]
  [  2.7185962 ]
  [ -6.272865  ]]

 [[  8.288908  ]
  [  2.4330666 ]
  [ -6.768416  ]]

 [[  8.1597185 ]
  [  2.3901532 ]
  [ -7.023863  ]]

 [[  8.014117  ]
  [  2.3253891 ]
  [ -7.3165665 ]]

 [[  7.929567  ]
  [  2.0988998 ]
  [ -7.664911  ]]

 [[  7.846065  ]
  [  2.1202214 ]
  [ -7.869116  ]]

 [[  9.000676  ]
  [  1.9243085 ]
  [ -8.405425  ]]

 [[ 10.069782  ]
  [  2.7483814 ]
  [ -9.301818  ]]

 [[ 10.194042  ]
  [  3.9528828 ]
  [ -9.875705  ]]

 [[ 10.820321  ]
  [  5.699982  ]
  [-10.4865265 ]]

 [[  9.477835  ]
  [  7.0873685 ]
  [-10.684965  ]]

 [[  9.164581  ]
  [  7.724772  ]
  [-11.412536  ]]

 [[  8.622977  ]
  [  7.906969  ]
  [-12.069773  ]]

 [[  9.49778   ]
  [  8.332867  ]
  [-11.62596   ]]

 [[ 11.790759  ]
  [  7.128029  ]
  [-11.155752  ]]

 [[ 11.472718  ]
  [  7.7049084 ]
  [-11.544859  ]]

 [[ 11.131231  ]
  [  7.386599  ]
  [-11.774149  ]]

 [[ 11.043564  ]
  [  7.232134  ]
  [-11.899462  ]]

 [[ 10.74592   ]
  [  6.717702  ]
  [-12.145012  ]]

 [[ 10.79014   ]
  [  6.2215533 ]
  [-12.1033    ]]

 [[ 11.002021  ]
  [  5.9167705 ]
  [-11.294484  ]]

 [[ 11.019996  ]
  [  5.53911   ]
  [-10.918995  ]]

 [[  9.858564  ]
  [  5.28161   ]
  [-10.841661  ]]

 [[  9.312826  ]
  [  4.7706304 ]
  [-11.007488  ]]

 [[  8.908041  ]
  [  4.277767  ]
  [-10.394627  ]]

 [[  8.751528  ]
  [  4.3121862 ]
  [-10.270082  ]]

 [[  8.918096  ]
  [  4.138687  ]
  [-10.288762  ]]

 [[  7.6987004 ]
  [  4.4672213 ]
  [-10.473295  ]]

 [[  6.7930665 ]
  [  4.641259  ]
  [-10.305426  ]]

 [[  6.3656044 ]
  [  4.13455   ]
  [ -9.930151  ]]

 [[  6.112344  ]
  [  2.8139784 ]
  [-10.178893  ]]

 [[  8.232769  ]
  [  2.1135037 ]
  [ -9.820042  ]]

 [[  9.781772  ]
  [  2.2171829 ]
  [ -9.47823   ]]

 [[  9.656694  ]
  [  2.0451193 ]
  [ -9.477711  ]]

 [[  8.508723  ]
  [  2.0114272 ]
  [ -9.207781  ]]

 [[  8.658691  ]
  [  1.757022  ]
  [ -8.474998  ]]

 [[  8.456431  ]
  [  1.0983961 ]
  [ -7.7253184 ]]

 [[  9.46605   ]
  [  1.3357999 ]
  [ -7.0491457 ]]

 [[  9.660014  ]
  [  0.99991345]
  [ -6.5659842 ]]]