[[[ 0.12318416]
  [-0.009636  ]
  [-0.0089639 ]]

 [[ 0.13051833]
  [-0.00913682]
  [-0.01406671]]

 [[ 0.13659555]
  [-0.00991989]
  [-0.01744334]]

 [[ 0.14035964]
  [-0.01212155]
  [-0.02141286]]

 [[ 0.15086417]
  [-0.01130473]
  [-0.02443587]]

 [[ 0.18089494]
  [-0.01154019]
  [-0.03015893]]

 [[ 0.1996334 ]
  [-0.00318417]
  [-0.07451522]]

 [[ 0.22787601]
  [ 0.03234918]
  [-0.12207278]]

 [[ 0.27056926]
  [ 0.0700813 ]
  [-0.19014062]]

 [[ 0.25008196]
  [ 0.1250856 ]
  [-0.21801528]]

 [[ 0.20768476]
  [ 0.1539939 ]
  [-0.23044422]]

 [[ 0.18259017]
  [ 0.14602035]
  [-0.24428615]]

 [[ 0.1814867 ]
  [ 0.12807804]
  [-0.24564782]]

 [[ 0.19606853]
  [ 0.11486663]
  [-0.2383589 ]]

 [[ 0.2244183 ]
  [ 0.1188802 ]
  [-0.22743909]]

 [[ 0.23665258]
  [ 0.12561068]
  [-0.22286506]]

 [[ 0.23624396]
  [ 0.11870254]
  [-0.2037487 ]]

 [[ 0.23452543]
  [ 0.10840968]
  [-0.18724586]]

 [[ 0.2299459 ]
  [ 0.10997298]
  [-0.17569233]]

 [[ 0.21817246]
  [ 0.10580858]
  [-0.16432746]]

 [[ 0.2103776 ]
  [ 0.10124472]
  [-0.15482132]]

 [[ 0.20862181]
  [ 0.09764723]
  [-0.14327766]]

 [[ 0.21330763]
  [ 0.08488429]
  [-0.14559293]]

 [[ 0.18741915]
  [ 0.07872408]
  [-0.13363253]]

 [[ 0.18665545]
  [ 0.06730441]
  [-0.13252373]]

 [[ 0.18451414]
  [ 0.05412611]
  [-0.13342816]]

 [[ 0.17305116]
  [ 0.04701186]
  [-0.13113093]]

 [[ 0.17393297]
  [ 0.0480812 ]
  [-0.12017079]]

 [[ 0.17809813]
  [ 0.04833982]
  [-0.11469487]]

 [[ 0.19034055]
  [ 0.04719064]
  [-0.10739723]]

 [[ 0.19892621]
  [ 0.04654032]
  [-0.10824707]]

 [[ 0.19600019]
  [ 0.05400568]
  [-0.09919934]]

 [[ 0.20701534]
  [ 0.05408433]
  [-0.09560232]]

 [[ 0.20940185]
  [ 0.04645532]
  [-0.10067815]]

 [[ 0.20094323]
  [ 0.04202253]
  [-0.09563462]]

 [[ 0.17869419]
  [ 0.04777525]
  [-0.10165896]]

 [[ 0.19002493]
  [ 0.05262737]
  [-0.10832737]]

 [[ 0.18913329]
  [ 0.0474845 ]
  [-0.11493321]]

 [[ 0.195305  ]
  [ 0.0421908 ]
  [-0.10827333]]

 [[ 0.19465347]
  [ 0.03433758]
  [-0.10773618]]

 [[ 0.20082487]
  [ 0.03463522]
  [-0.11361659]]

 [[ 0.20142233]
  [ 0.05124573]
  [-0.12268363]]

 [[ 0.20160922]
  [ 0.06955191]
  [-0.133444  ]]

 [[ 0.19791833]
  [ 0.08426782]
  [-0.14455836]]

 [[ 0.18296608]
  [ 0.08454564]
  [-0.14432392]]

 [[ 0.1694394 ]
  [ 0.07207007]
  [-0.14271787]]

 [[ 0.1806202 ]
  [ 0.05258829]
  [-0.14638248]]

 [[ 0.17472321]
  [ 0.05578863]
  [-0.13051902]]

 [[ 0.1832005 ]
  [ 0.06040466]
  [-0.12705325]]

 [[ 0.17583726]
  [ 0.0482867 ]
  [-0.1234818 ]]

 [[ 0.17561616]
  [ 0.03626264]
  [-0.12625472]]

 [[ 0.16684942]
  [ 0.03411971]
  [-0.12393884]]

 [[ 0.16594103]
  [ 0.01742975]
  [-0.11876756]]

 [[ 0.1710957 ]
  [ 0.0158895 ]
  [-0.11397783]]

 [[ 0.16301538]
  [ 0.01766783]
  [-0.11114568]]

 [[ 0.1396641 ]
  [ 0.02370058]
  [-0.115823  ]]

 [[ 0.1423901 ]
  [ 0.03308395]
  [-0.09757642]]

 [[ 0.15295404]
  [ 0.0328981 ]
  [-0.10509471]]

 [[ 0.13330895]
  [ 0.03358727]
  [-0.11534355]]

 [[ 0.14894828]
  [ 0.04426549]
  [-0.11041968]]

 [[ 0.1666406 ]
  [ 0.04786092]
  [-0.10655844]]

 [[ 0.1729755 ]
  [ 0.05278594]
  [-0.10664174]]

 [[ 0.17190933]
  [ 0.05189012]
  [-0.10906111]]

 [[ 0.1635149 ]
  [ 0.05419751]
  [-0.10612486]]

 [[ 0.16353123]
  [ 0.06333184]
  [-0.10413466]]

 [[ 0.1529744 ]
  [ 0.0780449 ]
  [-0.12088986]]

 [[ 0.14441805]
  [ 0.08614412]
  [-0.11529024]]

 [[ 0.14709257]
  [ 0.08796631]
  [-0.11819831]]

 [[ 0.16036606]
  [ 0.08884799]
  [-0.12290282]]

 [[ 0.1654733 ]
  [ 0.0901522 ]
  [-0.12458437]]

 [[ 0.1656281 ]
  [ 0.09069756]
  [-0.12262849]]

 [[ 0.1671305 ]
  [ 0.08612231]
  [-0.12340348]]

 [[ 0.18051815]
  [ 0.08343833]
  [-0.12115382]]

 [[ 0.18449427]
  [ 0.06965389]
  [-0.11984478]]

 [[ 0.1928216 ]
  [ 0.06093049]
  [-0.11412634]]

 [[ 0.18675311]
  [ 0.05638975]
  [-0.10868278]]

 [[ 0.18063235]
  [ 0.05714006]
  [-0.10297953]]

 [[ 0.1619463 ]
  [ 0.05473893]
  [-0.09762967]]

 [[ 0.16261935]
  [ 0.05300448]
  [-0.09656111]]

 [[ 0.15045784]
  [ 0.05051541]
  [-0.09426041]]

 [[ 0.14038184]
  [ 0.06168453]
  [-0.09423041]]

 [[ 0.14282188]
  [ 0.05745578]
  [-0.09759999]]

 [[ 0.14017275]
  [ 0.05931477]
  [-0.09881108]]

 [[ 0.13729575]
  [ 0.05883094]
  [-0.10327208]]

 [[ 0.13972893]
  [ 0.05269183]
  [-0.10577653]]

 [[ 0.14624445]
  [ 0.04919601]
  [-0.10639155]]

 [[ 0.14829275]
  [ 0.04744846]
  [-0.10948215]]

 [[ 0.14466874]
  [ 0.04246502]
  [-0.11813115]]

 [[ 0.14241396]
  [ 0.04171604]
  [-0.12258954]]

 [[ 0.13987273]
  [ 0.0405857 ]
  [-0.12769818]]

 [[ 0.13839705]
  [ 0.03663271]
  [-0.13377793]]

 [[ 0.13693967]
  [ 0.03700484]
  [-0.13734199]]

 [[ 0.15709144]
  [ 0.03358552]
  [-0.14670235]]

 [[ 0.17575087]
  [ 0.0479683 ]
  [-0.16234735]]

 [[ 0.1779196 ]
  [ 0.06899082]
  [-0.17236356]]

 [[ 0.18885024]
  [ 0.09948346]
  [-0.18302442]]

 [[ 0.16541943]
  [ 0.12369791]
  [-0.18648784]]

 [[ 0.15995212]
  [ 0.13482271]
  [-0.19918633]]

 [[ 0.15049934]
  [ 0.13800265]
  [-0.21065728]]

 [[ 0.16576754]
  [ 0.14543596]
  [-0.20291129]]

 [[ 0.20578757]
  [ 0.12440757]
  [-0.1947046 ]]

 [[ 0.20023672]
  [ 0.13447602]
  [-0.20149581]]

 [[ 0.19427665]
  [ 0.12892048]
  [-0.20549768]]

 [[ 0.19274656]
  [ 0.12622455]
  [-0.20768479]]

 [[ 0.18755169]
  [ 0.11724602]
  [-0.21197046]]

 [[ 0.18832348]
  [ 0.10858659]
  [-0.21124244]]

 [[ 0.1920215 ]
  [ 0.10326713]
  [-0.19712594]]

 [[ 0.19233522]
  [ 0.09667572]
  [-0.19057243]]

 [[ 0.17206441]
  [ 0.09218149]
  [-0.1892227 ]]

 [[ 0.16253948]
  [ 0.08326321]
  [-0.19211693]]

 [[ 0.15547465]
  [ 0.07466112]
  [-0.18142048]]

 [[ 0.15274298]
  [ 0.07526185]
  [-0.17924675]]

 [[ 0.15565014]
  [ 0.07223372]
  [-0.17957279]]

 [[ 0.13436767]
  [ 0.07796773]
  [-0.18279348]]

 [[ 0.11856139]
  [ 0.08100525]
  [-0.17986362]]

 [[ 0.11110076]
  [ 0.07216152]
  [-0.17331383]]

 [[ 0.10668053]
  [ 0.04911319]
  [-0.1776552 ]]

 [[ 0.14368893]
  [ 0.0368876 ]
  [-0.17139205]]

 [[ 0.17072412]
  [ 0.03869714]
  [-0.16542633]]

 [[ 0.16854112]
  [ 0.03569407]
  [-0.16541725]]

 [[ 0.14850524]
  [ 0.03510603]
  [-0.1607061 ]]

 [[ 0.15112267]
  [ 0.03066582]
  [-0.14791663]]

 [[ 0.14759257]
  [ 0.01917063]
  [-0.13483225]]

 [[ 0.16521375]
  [ 0.02331411]
  [-0.1230308 ]]

 [[ 0.16859905]
  [ 0.01745178]
  [-0.11459805]]]