[[-0.09489408  0.00572969  0.00853971]
 [-0.08596657  0.00647833  0.01120769]
 [-0.08562842  0.01371453  0.01611336]
 [-0.09311686  0.01475489  0.01857564]
 [-0.09934871  0.01435049  0.02171436]
 [-0.10577896  0.01424389  0.03374173]
 [-0.13147275  0.00671339  0.07254201]
 [-0.13819216 -0.00954666  0.12587751]
 [-0.12984543 -0.05028727  0.1899412 ]
 [-0.14354487 -0.08378591  0.24519153]
 [-0.1518803  -0.08212105  0.27344555]
 [-0.1537857  -0.0671332   0.2862918 ]
 [-0.15687658 -0.04901985  0.2891606 ]
 [-0.15833259 -0.03637242  0.28598323]
 [-0.15696515 -0.03858371  0.26963237]
 [-0.15585622 -0.04576806  0.2554774 ]
 [-0.15441613 -0.04981608  0.22991954]
 [-0.15186583 -0.05084835  0.21443328]
 [-0.15431353 -0.04861907  0.20318116]
 [-0.14750229 -0.05145038  0.19178316]
 [-0.13303702 -0.05749247  0.18061145]
 [-0.12660818 -0.05566591  0.17107514]
 [-0.13158889 -0.05264861  0.16452837]
 [-0.1256334  -0.05082266  0.15529715]
 [-0.12349687 -0.04655487  0.14484756]
 [-0.11528277 -0.03959278  0.13871895]
 [-0.11108955 -0.03432879  0.13274668]
 [-0.10820036 -0.02846778  0.12707132]
 [-0.10762928 -0.02579136  0.12063954]
 [-0.109116   -0.02932124  0.11629871]
 [-0.11076256 -0.03386484  0.11672152]
 [-0.11987024 -0.04483025  0.11129484]
 [-0.12602404 -0.04347281  0.1060876 ]
 [-0.1315886  -0.0383191   0.09935699]
 [-0.13068129 -0.03075594  0.09783176]
 [-0.12310568 -0.02456799  0.09925653]
 [-0.11179378 -0.02789572  0.10481274]
 [-0.12306507 -0.03478635  0.10732237]
 [-0.13529527 -0.02778579  0.10476854]
 [-0.13571243 -0.02221097  0.10364173]
 [-0.1406899  -0.01926596  0.10810468]
 [-0.14223407 -0.02081863  0.11910713]
 [-0.14645453 -0.0319884   0.13956629]
 [-0.14481193 -0.03547674  0.15626325]
 [-0.13482717 -0.03570911  0.15622452]
 [-0.1255085  -0.02463197  0.15457085]
 [-0.12454074 -0.02056438  0.146187  ]
 [-0.12272059 -0.01797595  0.14032498]
 [-0.12340207 -0.00980848  0.13249902]
 [-0.11819715 -0.00409659  0.12701096]
 [-0.11626185 -0.004821    0.12393134]
 [-0.11262199 -0.00274935  0.11772018]
 [-0.10879903 -0.00429909  0.1149964 ]
 [-0.10976003 -0.01317338  0.10921425]
 [-0.10794017 -0.00838387  0.10658347]
 [-0.10588384 -0.01151972  0.10581752]
 [-0.08927782 -0.01359599  0.10828177]
 [-0.09040793 -0.01990297  0.11032546]
 [-0.09984055 -0.03310605  0.10817688]
 [-0.09294834 -0.05155125  0.10810295]
 [-0.09761685 -0.06016416  0.10642606]
 [-0.10430325 -0.06318857  0.10802977]
 [-0.10931095 -0.06246705  0.1083236 ]
 [-0.09269404 -0.05808498  0.11196268]
 [-0.09552209 -0.06390954  0.11456862]
 [-0.10894298 -0.07387438  0.11601621]
 [-0.11188225 -0.08155155  0.12412161]
 [-0.1112989  -0.08193514  0.1299534 ]
 [-0.11330039 -0.08080418  0.13083868]
 [-0.11241154 -0.07839075  0.13367826]
 [-0.11215403 -0.07787042  0.13317922]
 [-0.11208377 -0.07199308  0.1332904 ]
 [-0.11170415 -0.06705949  0.13171695]
 [-0.11079299 -0.06391858  0.12945701]
 [-0.10831424 -0.056307    0.12530433]
 [-0.10379944 -0.05215169  0.12189955]
 [-0.09651205 -0.04396123  0.11975078]
 [-0.0895457  -0.04168966  0.11799162]
 [-0.08686758 -0.03843237  0.11450943]
 [-0.0848591  -0.03443106  0.11508989]
 [-0.07734026 -0.03320405  0.11626758]
 [-0.07785276 -0.030663    0.1182586 ]
 [-0.07779353 -0.02967088  0.11981229]
 [-0.07596336 -0.02653869  0.12325822]
 [-0.07276453 -0.02436088  0.12493511]
 [-0.07165188 -0.02402763  0.12432738]
 [-0.06786913 -0.01994993  0.12825932]
 [-0.06539105 -0.01782754  0.13073649]
 [-0.06600807 -0.01558226  0.13471134]
 [-0.06771474 -0.01419964  0.13802853]
 [-0.06982043 -0.01280692  0.14113764]
 [-0.07439978 -0.00971829  0.15029624]
 [-0.08194171 -0.00563382  0.15821657]
 [-0.08278816 -0.01949229  0.1691475 ]
 [-0.08698266 -0.04993323  0.18157493]
 [-0.09382103 -0.0670509   0.19431907]
 [-0.09847497 -0.08416414  0.20468646]
 [-0.10273635 -0.09157423  0.21570478]
 [-0.09639722 -0.09173761  0.22524303]
 [-0.09831651 -0.0900353   0.23129821]
 [-0.11625785 -0.08359967  0.23382506]
 [-0.11612225 -0.06842921  0.24165626]
 [-0.11960047 -0.06278671  0.24564077]
 [-0.11814385 -0.05778668  0.2457368 ]
 [-0.11845434 -0.04940904  0.24289751]
 [-0.1173672  -0.04197454  0.23581184]
 [-0.11271865 -0.04420005  0.22711687]
 [-0.10596791 -0.04405269  0.22099279]
 [-0.10073297 -0.04683646  0.21256746]
 [-0.09717908 -0.04186655  0.20584655]
 [-0.09090141 -0.03865685  0.19882885]
 [-0.08761951 -0.04198799  0.19352183]
 [-0.08843987 -0.04506867  0.18914942]
 [-0.08536986 -0.04910953  0.18307956]
 [-0.07796577 -0.04030738  0.18311636]
 [-0.07214841 -0.03336675  0.18306126]
 [-0.07614584 -0.02900196  0.17699532]
 [-0.07876952 -0.0291826   0.1722565 ]
 [-0.08397798 -0.0299459   0.1674172 ]
 [-0.08661677 -0.03237171  0.16418299]
 [-0.0918064  -0.03476373  0.16111068]
 [-0.08964418 -0.02796997  0.15375079]
 [-0.09598054 -0.02025868  0.14486182]
 [-0.10150225 -0.01809083  0.13146082]
 [-0.09964755 -0.01698458  0.12062591]]